12345678900
11111111111
83987654321
08046875474
47130274074
36283682977
87849549482
37683246522
60088249909
00542639485
82420125435
00780678559
78838734945
94751828299
62643246791
31657258484
50417168516
49289391189
52797762378
52919495599
11129412226
21140633848
78347912675
08428587822
34519790854
26745235991
08890207320
76783796457
56425306862
19886813662
75623405168
31126369418
67582427394
62279639023
25530509772
54472242505
11117458064
43951376150
02778677548
69623112810
32027882529
53108626499
06787795560
46043481823
23100885772
27632066526
69088176158
69829126314
11082688490
96909124949
04350434042
47825492898
34727541924
96636206952
39223920632
98824422570
84694679016
74515894832
74140759165
48384027196
04675665254
43079357302
93112371240
35909748874
78029381815
87196202704
90554059954
42279465016
71690151227
88157829495
66685210796
60265940939
29099277103
64736555038
15645091505
00677185721
76874935251
27943084172
58707602303
42159615179
32286441047
97984143405
62966774380
64939267002
87467775120
80004278511
48377964458
84474508870
04252935072
90726997921
94590373418
23200017760
99247820536
25997055475
72891701324
63764132298
76557361129
84999597448
71696036962
03006598765
14434115716
96959112260
98503273701
71962336383
76307097753
66382560502
68098909007
19503780000
62156635282
29802634101
84418358935
91727167796
00236344756
09071040475
34944820955
40903349718
76310029855
00317287608
44084095884
85912773566
59744284133
73201592279
15214970364
33600551249
89066650876
56126893914
55478810975
62435258134
24551187974
49729176351
56507037258
32797466217
64161756763
91192771777
81273046438
22557092608
82183836716
66446485842
76161803287
60335076119
80868307624
58716987210
27054273133
97062292207
57481551901
64142616754
23562191791
68556220764
52483576899
23021067561
31074864987
31658091495
99581033174
79947907038
66676124927
42775913638
26110334716
30981125675
73925336373
79060628777
45130182075
02454652271
90131367368
41632064942
38456502447
79886874736
34081867349
34998475772
85338638525
72130905293
63945258102
96812646028
03795345049
19167425853
65709322189
65619861436
38881130294
94710754919
94992486688
27391017564
69750395153
18856969914
54211723587
42657725033
36985908745
11432359689
15780828660
44744029482
69810631676
56818822263
72306555758
46854288579
75672997363
65159513130
32597244755
76796858958
81376213461
68765009904
63596654068
27787192431
92916675082
49720988449
76415125695
